"Variable1"	"Variable2"	"Variable3"	"Variable4"	"Variable5"	"Variable6"	"Variable7"	"Variable8"	"Variable9"	"Variable10"
-1.71742194651964	0.934950007620508	-1.94804558239398	0.697220283907284	-0.865617075430686	-0.985859867909643	0.417885234561155	1.64389280034598	-1.46737945013461	-1.19819215012763
2.41529289501403	0.0850037045779712	-0.975399771337657	0.677660844106977	0.617483048035385	-0.716337983905663	1.95665310230394	-1.25519012419193	0.356850405023685	1.63798372736411
-0.544261023161854	-0.495262623759125	1.11736408293219	-0.877826174391312	0.407387126452748	0.271034356297016	-1.07727853974277	0.57319282568646	0.129011668211611	-1.20348151391764
-1.00149524462031	2.72768700469084	-0.984955630241769	2.37267756647211	-1.23114127305464	0.15283884929719	3.03479026243385	-1.05582906736934	-0.946440705612223	-1.85096819684345
-0.648168226488225	-0.206894303707672	-2.03603067067659	1.29257284117965	1.07719614473915	0.88827221716803	0.212933416784736	-0.6160037321874	-0.887847191141465	2.03020742238806
-0.667619866951188	-2.72359097207624	4.50562424272614	-0.696294613694643	-0.682298736524323	1.33168320563744	-2.7045566673264	0.39833420155353	1.45091673827331	-0.0126970556104407
-1.09539054104572	-1.2833790014708	0.754635604199488	1.60673780422415	-1.34214934970642	-0.453625195175326	0.260565066841706	1.26351759574954	-0.114534399747192	-0.294509670458279
-1.40454629808226	-1.95490610172956	2.13629422036603	0.367317505745792	1.0050771978933	2.11456376329237	-1.73084328908271	-0.331508195120628	0.421902769219777	0.262305615710085
0.054187356547646	0.236917181103968	0.0254794056225365	-1.08068301341525	-1.55851590837609	-2.79200129144069	0.674290640420304	2.72374321685011	0.935044298282336	-3.57295299886934
-1.63667964844772	-2.34868561876698	0.695854091309125	1.57824209521693	1.22788776978623	1.2842145998104	-1.04296204231135	0.534827662643893	-1.20273127140037	0.892850610313625
-0.582640822761626	1.84852125463319	0.682541081779321	0.647325192665956	-1.67607601961809	0.374801942685878	0.959633940289433	-0.831045546774054	-0.0283532064955435	-1.11732398108554
-0.727569796689303	2.28083867333322	-0.309912327925611	-1.1798243692261	-1.79922972916516	0.722881826657777	-0.825502840905364	-0.854876431480042	0.82399811005683	0.131574819335786
1.58357484370641	-1.61288563904654	0.202220117141314	-0.456096948348153	0.466549042991124	-1.33342571691933	0.10362744290783	0.851920699897564	0.68866424946184	0.505273642609663
-4.07136873275003	-0.718204464064142	-1.43317971050224	2.22368678153168	-1.18630771930843	1.18639429755298	-1.93711037710633	1.54379071685112	-3.06712981986332	2.02534100642198
-1.18385469502108	0.0857742185465054	-0.288395323358349	-0.0344785221115418	-0.304589452982975	1.0590138299468	-1.25543859061071	-0.212165575353194	-0.226811516888507	1.1351566334148
0.830563675127125	-0.827988216254946	1.68494153704679	-0.776711163360103	-0.864978742486574	-1.01512497288594	-0.378095478617772	0.86762973315694	0.697065381605724	-0.691745505701716
1.8315783108908	-0.71631755595267	0.563328419522079	-1.15185128935351	0.776213732123234	-0.493828792630137	-0.33551078313806	-0.257328988711586	0.548250051999495	0.802711341599644
-0.397516216139559	-1.04393723187714	0.682115909569925	0.0420147181275727	0.629300190134891	1.39120921884257	-1.26883437994903	-0.653447368822255	0.225232455109952	1.5383775280492
-0.83683961936083	-2.11518948254138	1.33831830493665	-1.06832674434725	1.50259945123879	1.65540888152458	-2.87593080557043	0.126209628602424	0.306242690705885	1.1843438793202
-0.425103315624214	1.42403846775108	-1.08827663795464	-1.44380446973179	-0.420092965643874	-0.413790080418745	-0.722391646272084	0.499623804124773	-0.198904507512882	-0.671100363412397
0.976036509686766	0.979774870555514	-0.893536415374861	-2.01264709598871	2.10067875044007	-0.647849108452805	0.314533313324954	0.114457729596254	0.283446691067101	-2.32730839113322
-1.60396571036403	-1.78628528222253	0.481733620097253	-0.351359419121559	1.43311777704115	0.864494643124803	-2.76527585590052	1.26853213074768	-2.45322160499465	0.936625251476718
-1.00787392962168	-0.120050747071272	-1.72805647530916	1.53491906083446	3.01564450410891	2.68965984126052	0.521578236306839	-2.14515820601774	-0.199480308435992	1.32474468049698
3.06269661770096	-0.221051359401437	1.30596333546969	-0.894051525419222	-0.891982316510823	-2.90046716530049	1.64140731184471	0.89007763505452	0.764283734325936	-1.44196000483804
-1.27596636007732	0.577239323648968	-1.54668105822853	-0.6452906529565	0.441681982101001	0.885560285179485	-1.43579549242078	0.00448283206871063	-0.613411481820333	0.989958090776944
-0.227272026999118	0.914869140706512	-1.68240564000917	1.32666478839048	-1.77730355461811	-2.0843930652406	2.11549314808752	1.40437690376659	-0.409821094995774	-1.20856156845514
-0.208832538993717	2.25026624616911	-1.14155855763111	2.38767574988069	-2.02588557254495	-0.430494374557662	3.1480394417568	-0.974561533948547	-0.0717853995870859	-0.641932771408212
-0.39984074535932	-0.357097882946813	-0.741570881292744	0.223612934906147	1.32987492463866	-0.23526937311481	-0.0192525627216512	0.708359025178858	-1.55573471224174	-0.490154102804788
-0.625399230629036	0.622162081822548	-0.154119397458234	-0.176665594514473	-0.701276478036717	1.36275984475727	-0.922330533404952	-1.13244118136468	0.721170339789461	1.57798917495705
0.464928136212653	2.29846218594789	-0.356241537395992	1.12906606622207	-1.75495954067735	-0.540449861315042	2.05145728331249	-0.967091703634319	-0.848038551315818	-0.294238607604676
1.32796091405439	-0.0911407977597328	0.612647295357139	0.881906068100024	0.486098961615276	-0.512278695257192	1.72961349543764	-0.582260102610666	-0.246110397120777	-0.509779910650932
-0.307512654523106	-0.13179517123545	0.0568214859087871	2.06344353954793	-0.111866067791381	-0.775419865415922	2.2166829950504	0.543193190270214	-0.763586464514181	-1.78978582839599
1.31196319946828	0.589193167751258	0.727561798624315	0.574938109762221	-2.07651035481295	-2.28424016596501	2.04119382232565	0.847258048867008	0.113664818173567	-1.51375345698356
-0.915279596136301	-0.892796467930858	-0.374333077764645	-0.135956965895995	0.309367915356925	0.637198088285733	-1.61873045014992	0.435658780611823	-0.650377680684471	1.52019738335998
0.731886257624494	0.677443139434066	1.12375521783358	1.22912964318897	-3.0748568499414	-1.79408640994543	1.788533045878	0.578153932629732	-0.1453968020435	-0.688922671704175
1.19119500242966	2.76241357832037	0.102484020181704	-2.99390948170703	-1.38491979766088	-0.16023975946828	-0.161719851173217	-1.19395971943912	3.09478785162057	-1.39094421250941
0.751665896514744	1.78906148297303	-0.123098373172716	-1.15881725453825	-1.87280701510198	-1.5999789130308	1.23845552370963	0.446806429307515	1.97379216947034	-2.42539071494116
0.438745510501179	0.18678215699226	-0.0656054807225229	-1.08759799002244	-0.701486826539513	-0.847342151484599	-0.633400404918891	0.671604559577799	0.12634167624836	0.0853150844906867
-0.64491389163838	-0.679896647480703	-0.644185921085399	1.22487934561821	1.00862537311736	0.161709443758619	0.269167712330131	0.361734236971998	-1.63274126100854	0.323901670852687
0.499175320350727	0.967600830625779	-1.47399142761503	-1.26558310833421	0.767037429824908	-0.549831562230008	0.275041207152596	0.0782548662896807	0.689735292392924	-0.895079471678421
-1.24268000130385	1.05603722171011	-0.286705898976338	0.770696157731145	-0.78352517579412	1.12258685709857	0.190732316195543	-0.834385516193014	0.204173469761064	0.0577587656941604
-1.92285775964334	0.105315593295459	-1.89735573898081	0.899479607561328	0.745618502010491	0.152423859541497	-0.84099852803931	1.13242635513132	-3.50189734898816	0.73316668612325
2.3428695174942	0.559474439335782	0.106307858885007	0.651685118402253	0.548955562749437	-0.492461977262841	2.45059534678062	-1.57491117821962	0.708535258591313	0.0257846021545744
-0.409617840642415	-1.4054553463814	0.250427445432321	-0.473080499309292	-0.160823797707273	-0.438747248977336	-1.31339773368093	1.34727578826156	0.0659206166126192	0.40595883382539
-0.416472465680342	-0.921706544559038	0.373921858515028	0.4555696538987	0.858568470278225	2.08114923433888	-0.734491967849818	-1.52368495786607	1.3562618721926	1.78698711036395
0.588257092680959	0.932302565555638	-0.526501866579885	0.418329236905183	-0.67831926632236	-0.998218836296877	1.28817123706005	0.0858005238125148	-0.531886540694487	-0.48966794861547
-0.338284732490985	-0.988292490998751	-0.0792100007755712	1.6699987799848	0.631708166642636	0.510210833490672	0.0577677403680378	-0.164747906164307	-2.01380952483896	1.71005725459414
-1.22960408164387	-2.22227775283353	-0.259866657518381	1.17850378815705	1.37725363312917	2.39798920515541	-1.61710099076298	-0.893953538968329	0.318249921277413	3.33398078032247
1.0009956583368	-0.810456045574153	1.00115127750896	1.74358957585723	0.712475719956428	0.250023998505932	1.89660375944604	-1.04805012609496	0.307434617281859	-0.0635276323308796
-0.00616703664509202	-1.55902127419498	1.06037698564621	-1.01472919295492	2.52781017208801	1.39771153185042	-2.03798890686848	-0.335085105256267	-0.790539600253558	0.822080878076011
0.27366247863747	-1.4039836832794	0.820057712530489	-1.02282055064523	0.123849933616329	0.719038240067545	-1.69208534124924	-0.187149682225899	1.68817761576786	1.5470846894364
-1.83530128360293	-1.7544110233365	0.425617928050608	0.641810123332518	-2.04063811215014	-1.08181672701645	-1.57991848574113	2.82665538972479	-1.03619131435891	0.357849386430551
0.110006909448843	-0.670437087856107	-1.62752093580937	1.78853524300099	3.36772345811754	1.67198887173208	1.05163944364058	-1.73466092351403	-1.30512952586929	1.6959159121678
0.458435263634535	-2.20629700695828	2.8975345217081	-0.469960403821578	0.813964965612373	0.0241777544315825	-0.816964660773754	0.670264160306112	0.624387745910629	-1.21989453419362
-0.937976426969092	-1.32741442289108	-0.312676874925007	0.138436456505511	0.949639584021698	0.794748432594684	-1.17719144289649	0.381730726413343	-0.0291326777376275	0.896623078087345
-0.634096663676709	-0.716363555556685	0.202656276300988	1.17674195349478	-0.115461205810866	-0.14627190565979	0.424107812564355	0.598719114908074	-0.603704123095554	-0.322228687426287
-0.433788664733568	0.309142772445483	-1.9407290140733	1.89510528435338	-0.679231201309522	-0.334657638240151	0.853777220135667	0.0635927028093501	-1.88026774307522	2.09203050983245
0.133729064638892	-1.61571559401131	1.32458581084174	-0.0929448363084473	0.253893409356744	0.886830120207397	-1.14723045723568	-0.338852642419075	0.967338064836737	1.34882811851198
-0.249791139652022	0.406267915248233	-0.612597736059533	-0.0300889224395933	-0.0667583308212236	0.311737238870119	0.0744592620548135	-0.321465505715891	0.564023496793583	0.15282184020216
-0.0445617376970499	1.7501251286946	-0.669415557241625	0.816243227785955	-0.282283170941896	0.336180159822506	1.47787992025375	-1.14944695806733	-0.396961068985799	-0.470242146570557
